type FactorCorrelationPayload = {
  labels: string[];
  run_ids?: string[];
  matrix: (number | null)[][];
  updated_at?: string;
  basis?: string;
};

export const factorCorrelationFallback: FactorCorrelationPayload = {
  labels: [
    '20260422_123230_3', '20260422_140453_2', '20260422_190429_2',
    '20260422_194926_3', '20260422_194926_2', '20260422_160442_2',
    '20260422_193130_2', '20260422_130730_2', '20260422_212423_2',
    '20260422_205222_2', '20260422_220028_3',
  ],
  run_ids: [
    'autoalpha_20260422_123230_03', 'autoalpha_20260422_140453_02',
    'autoalpha_20260422_190429_02', 'autoalpha_20260422_194926_03',
    'autoalpha_20260422_194926_02', 'autoalpha_20260422_160442_02',
    'autoalpha_20260422_193130_02', 'autoalpha_20260422_130730_02',
    'autoalpha_20260422_212423_02', 'autoalpha_20260422_205222_02',
    'autoalpha_20260422_220028_03',
  ],
  matrix: [
    [1.0, 0.6217, 0.6978, 0.7162, 0.8446, 0.8383, 0.7896, 0.8133, 0.7788, 0.7764, 0.6179],
    [0.6217, 1.0, 0.8138, 0.6485, 0.6913, 0.6982, 0.626, 0.7154, 0.6253, 0.6261, 0.9183],
    [0.6978, 0.8138, 1.0, 0.6064, 0.7135, 0.7704, 0.7846, 0.8002, 0.7443, 0.6975, 0.8121],
    [0.7162, 0.6485, 0.6064, 1.0, 0.8658, 0.7392, 0.639, 0.7484, 0.625, 0.6542, 0.6775],
    [0.8446, 0.6913, 0.7135, 0.8658, 1.0, 0.8531, 0.7709, 0.8854, 0.7666, 0.7996, 0.7274],
    [0.8383, 0.6982, 0.7704, 0.7392, 0.8531, 1.0, 0.7703, 0.8327, 0.7815, 0.7446, 0.7095],
    [0.7896, 0.626, 0.7846, 0.639, 0.7709, 0.7703, 1.0, 0.8241, 0.8078, 0.743, 0.627],
    [0.8133, 0.7154, 0.8002, 0.7484, 0.8854, 0.8327, 0.8241, 1.0, 0.8145, 0.7929, 0.7541],
    [0.7788, 0.6253, 0.7443, 0.625, 0.7666, 0.7815, 0.8078, 0.8145, 1.0, 0.9169, 0.6279],
    [0.7764, 0.6261, 0.6975, 0.6542, 0.7996, 0.7446, 0.743, 0.7929, 0.9169, 1.0, 0.6328],
    [0.6179, 0.9183, 0.8121, 0.6775, 0.7274, 0.7095, 0.627, 0.7541, 0.6279, 0.6328, 1.0],
  ],
  updated_at: '2026-04-22T22:36:43.689433',
  basis: 'mean bar-wise Pearson corr on latest 60 shared days',
};
